登录报文
68 32 00 32 00 68 C9 21 42 08 93 00 02 70 00 00 01 00 3A 16 
回复报文
68 32 00 32 00 68 00 21   42 08 93 02 00 60 00 00   01 00 61 16 

读取电表155报文
68 32 00 32 00 68 4B 21   42 08 93 02 0C 60 01 01   01 04 BE 16 
68 32 00 32 00 68 4B 21   42 08 93 02 0C 60 01 01   02 04 BF 16 
读取电表156
68 32 00 32 00 68 4B 21   42 08 93 02 0C 60 02 01   01 04 BF 16 
68 32 00 32 00 68 4B 21   42 08 93 02 0C 60 02 01   02 04 C0 16 
读取电表157
68 32 00 32 00 68 4B 21   42 08 93 02 0C 60 04 01   01 04 C1 16 
68 32 00 32 00 68 4B 21   42 08 93 02 0C 60 04 01   02 04 C2 16 

D4AE52D2B7A5