68 9E 01 9E 01 68 D4 11 20 70 14 00 0C 60 02 01 01 04 40 15 15 11 18 04 00 58 16 00 00 00 65 01 00 00 00 31 03 00 00 00 97 04 00 00 00 63 06 00 00 26 50 00 00 02 05 00 00 05 10 00 00 07 15 00 00 10 20 00 00 26 60 00 00 02 06 00 00 05 12 00 00 07 18 00 00 10 24 00 00 EE EE EE EE EE EE EE EE EE EE EE EE EE EE EE EE EE EE EE EE 0E 16 

集中器通信测试报文
68 DA 00 DA 00 68 4B 11 20 70 14 02 10 60 00 00 01 00 02 6B 01 01 14 00 FE FE FE FE 68 01 00 00 00 00 00 68 11 04 33 33 34 33 B3 16 00 00 00 00 00 00 00 00 00 00 00 00 00 00 00 00 6A 16 
返回报文 
68 A6 00 A6 00 68 B8 11 20 70 14 02 10 60 00 00 01 00 02 18 00 FE FE FE FE 68 01 00 00 00 00 00 68 91 08 33 33 34 33 96 38 33 33 6B 16 35 EE 01 16


集中器登录报文必须给它回复才能登录成功
68 3A 00 3A 00 68 F9 11 20 70 14 00 02 7F 00 00 04 00 33 EE 54 16
68 3A 00 3A 00 68 F9 11 20 70 14 00 02 72 00 00 04 00 35 EE 49 16
回复报文
68 32 00 32 00 68 00 11 20 70 14 02 00 65 00 00 01 00 1D 16（老版）
68 32 00 32 00 68 00 11 20 70 14 02 00 60 00 00 01 00 18 16 
68 32 00 32 00 68 00 11 20 70 14 02 00 60 00 00 01 00 18 16（新版）


查询电表1报文
68 32 00 32 00 68 4B 11 20 70 14 02 0C 60 01 01 01 04 75 16
返回报文
68 A6 01 A6 01 68 B8 11 20 70 14 02 0C 60 01 01 01 04 26 19 19 10 19 04 00 96 31 00 00 00 19 03 00 00 00 39 06 00 00 00 59 09 00 00 00 78 12 00 00 95 61 00 00 19 06 00 00 39 12 00 00 58 18 00 00 78 24 00 00 95 71 00 00 19 07 00 00 39 14 00 00 58 21 00 00 78 28 00 00 00 10 00 00 00 01 00 00 00 02 00 00 00 03 00   00 00 04 00 00 91 1C 34 16 
查询电表1报文
68 32 00 32 00 68 4B 11 20 70 14 02 0C 60 01 01 02 04 76 16 
返回报文
68 A6 01 A6 01 68 B8 11 20 70 14 02 0C 60 01 01 02 04 26 19 19 10 19 04 00 00 00 00 00 00 00 00 00 00 00 00 00 00 00 00 00 00 00 00 00 00 00 00 00 00 00 00 00 00 00 00 00 00 00 00 00 00 00 00 00 00 00 00 00 00 10 00 00 00 01 00 00 00 02 00 00 00 03 00 00 00 04 00 00 00 10 00 00 00 01 00 00 00 02 00 00 00 03 00   00 00 04 00 00 91 1C 49 16

查询电表2报文
68 32 00 32 00 68 4B 11 20 70 14 02 0C 60 02 01 01 04 76 16

查询电表3报文
68 32 00 32 00 68 4B 11 20 70 14 02 0C 60 04 01 01 04 78 16 

查询电表4报文
68 32 00 32 00 68 4B 11   20 70 14 02 0C 60 08 01   01 04 7C 16

查询电表5报文
68 32 00 32 00 68 4B 11   20 70 14 02 0C 60 10 01   01 04 84 16

查询电表6报文
68 32 00 32 00 68 4B 11   20 70 14 02 0C 60 20 01   01 04 94 16

查询电表7报文
68 32 00 32 00 68 4B 11   20 70 14 02 0C 60 40 01   01 04 B4 16 

查询电表8报文
68 32 00 32 00 68 4B 11   20 70 14 02 0C 60 80 01   01 04 F4 16 

查询电表9报文
68 32 00 32 00 68 4B 11   20 70 14 02 0C 60 01 02   01 04 76 16 

查询电表10报文
68 32 00 32 00 68 4B 11   20 70 14 02 0C 60 02 02   01 04 77 16 



整点数据发送接收报文
 接收报文 2019-10-19 19:07:15 <125>
 68 D6 01 D6 01 68 B8 11   20 70 14 02 0D 60 01 01   10 0C 00 00 18 10 19 03   18 EE EE EE EE EE EE EE   EE EE EE EE EE EE EE EE   
 EE EE EE EE EE EE EE EE   EE EE EE EE EE EE EE EE   EE EE EE EE EE EE EE EE   EE EE EE EE EE EE EE EE   EE EE EE EE EE EE EE EE   
 EE EE EE EE EE EE EE EE   EE EE EE EE EE EE EE EE   EE EE EE EE EE EE EE EE   EE EE EE EE EE EE EE EE   EE EE EE EE EE EE EE EE   
 EE 91 2E 55 16 

 发送报文 2019-10-19 19:07:15 <27>
 68 4E 00 4E 00 68 4B 11   20 70 14 02 0D 60 01 01   10 0C 00 00 18 10 19 03   18 E9 16 

