发送  2013-8-14 上午 09:42:56
  FE FE FE FE 68 22 00 00   00 00 00 68 91 08 33 33   4A 33 8B 49 33 33 A8 16  
 接收  2013-8-14 上午 09:42:56
  68 22 00 00 00 00 00 68   11 04 33 33 4A 33 EA 16  
 发送  2013-8-14 上午 09:42:54
  FE FE FE FE 68 22 00 00   00 00 00 68 91 08 33 33   49 33 33 33 33 33 39 16  
 接收  2013-8-14 上午 09:42:54
  68 22 00 00 00 00 00 68   11 04 33 33 49 33 E9 16  
 发送  2013-8-14 上午 09:42:52
  FE FE FE FE 68 22 00 00   00 00 00 68 91 08 33 33   48 33 C3 C4 34 33 5A 16  
 接收  2013-8-14 上午 09:42:52
  68 22 00 00 00 00 00 68   11 04 33 33 48 33 E8 16  
 发送  2013-8-14 上午 09:42:50
  FE FE FE FE 68 22 00 00   00 00 00 68 91 04 34 3F   39 38 6B 16  
 接收  2013-8-14 上午 09:42:50
  68 22 00 00 00 00 00 68   11 04 34 3F 39 38 EB 16  
 发送  2013-8-14 上午 09:42:48
  FE FE FE FE 68 22 00 00   00 00 00 68 91 44 34 3D   39 38 7A 35 46 75 3C 47   3B 46 57 63 34 75 3B 47   3B 46 7C 93 35 75 3A 47   3B 46 A7 C3 36 75 39 47   3B 46 CB 53 38 75 38 47   3B 46 6C B8 43 AC 94 36   AC 94 36 AC 94 36 33 33   33 33 33 33 33 33 33 33   33 33 46 16  
 接收  2013-8-14 上午 09:42:48
  68 22 00 00 00 00 00 68   11 04 34 3D 39 38 E9 16  
 发送  2013-8-14 上午 09:42:46
  FE FE FE FE 68 22 00 00   00 00 00 68 91 04 34 3E   39 38 6A 16  
 接收  2013-8-14 上午 09:42:46
  68 22 00 00 00 00 00 68   11 04 34 3E 39 38 EA 16  
 接收  2013-8-14 上午 09:42:41
  68 01 00 00 00 00 00 68   11 04 32 38 33 37 BA 16  
 发送  2013-8-14 上午 09:42:40
  FE FE FE FE 68 22 00 00   00 00 00 68 91 44 34 3C   39 38 8A 39 46 75 3C 47   3B 46 98 63 34 75 3B 47   3B 46 64 94 35 75 3A 47   3B 46 CA C4 36 75 39 47   3B 46 95 55 38 75 38 47   3B 46 B3 BB 43 C6 95 36   C6 95 36 C6 95 36 33 33   33 33 33 33 33 33 33 33   33 33 0E 16  
 接收  2013-8-14 上午 09:42:40
  68 22 00 00 00 00 00 68   11 04 34 3C 39 38 E8 16  
 发送  2013-8-14 上午 09:42:38
  FE FE FE FE 68 22 00 00   00 00 00 68 91 18 34 3B   39 38 49 33 33 33 34 33   33 33 36 33 33 33 37 33   33 33 39 33 33 33 9B 16  
 接收  2013-8-14 上午 09:42:38
  68 22 00 00 00 00 00 68   11 04 34 3B 39 38 E7 16  
 发送  2013-8-14 上午 09:42:36
  FE FE FE FE 68 22 00 00   00 00 00 68 91 18 34 3A   39 38 49 33 33 33 34 33   33 33 36 33 33 33 37 33   33 33 39 33 33 33 9A 16  
 接收  2013-8-14 上午 09:42:36
  68 22 00 00 00 00 00 68   11 04 34 3A 39 38 E6 16  
 发送  2013-8-14 上午 09:42:34
  FE FE FE FE 68 22 00 00   00 00 00 68 91 18 34 39   39 38 49 33 33 33 34 33   33 33 36 33 33 33 37 33   33 33 39 33 33 33 99 16  
 接收  2013-8-14 上午 09:42:34
  68 22 00 00 00 00 00 68   11 04 34 39 39 38 E5 16  
 发送  2013-8-14 上午 09:42:32
  FE FE FE FE 68 22 00 00   00 00 00 68 91 18 34 38   39 38 CA 33 33 33 3C 33   33 33 4C 33 33 33 5C 33   33 33 6B 33 33 33 8E 16  
 接收  2013-8-14 上午 09:42:32
  68 22 00 00 00 00 00 68   11 04 34 38 39 38 E4 16  
 发送  2013-8-14 上午 09:42:30
  FE FE FE FE 68 22 00 00   00 00 00 68 91 18 34 37   39 38 33 33 33 33 33 33   33 33 33 33 33 33 33 33   33 33 33 33 33 33 73 16  
 接收  2013-8-14 上午 09:42:30
  68 22 00 00 00 00 00 68   11 04 34 37 39 38 E3 16  
 发送  2013-8-14 上午 09:42:28
  FE FE FE FE 68 22 00 00   00 00 00 68 91 18 34 35   39 38 33 33 33 33 33 33   33 33 33 33 33 33 33 33   33 33 33 33 33 33 71 16  
 接收  2013-8-14 上午 09:42:28
  68 22 00 00 00 00 00 68   11 04 34 35 39 38 E1 16  
 发送  2013-8-14 上午 09:42:26
  FE FE FE FE 68 22 00 00   00 00 00 68 91 18 34 36   39 38 B4 33 33 33 3B 33   33 33 49 33 33 33 57 33   33 33 65 33 33 33 67 16  
 接收  2013-8-14 上午 09:42:26
  68 22 00 00 00 00 00 68   11 04 34 36 39 38 E2 16  
 发送  2013-8-14 上午 09:42:24
  FE FE FE FE 68 22 00 00   00 00 00 68 91 18 34 34   39 38 6A 3C 33 33 C6 33   33 33 BA 34 33 33 B4 35   33 33 A8 36 33 33 C6 16  
 接收  2013-8-14 上午 09:42:24
  68 22 00 00 00 00 00 68   11 04 34 34 39 38 E0 16  
 发送  2013-8-14 上午 09:42:22
  FE FE FE FE 68 11 00 00   00 00 00 68 91 18 6E 35   39 38 33 33 33 33 33 33   33 33 33 33 33 33 33 33   33 33 33 33 33 33 9A 16  
 接收  2013-8-14 上午 09:42:22
  68 11 00 00 00 00 00 68   11 04 6E 35 39 38 0A 16  
 发送  2013-8-14 上午 09:42:20
  FE FE FE FE 68 11 00 00   00 00 00 68 91 18 6E 34   39 38 A6 C7 3B 33 7A BC   33 33 C7 AB 34 33 74 9B   35 33 BC 8A 36 33 13 16  
 接收  2013-8-14 上午 09:42:20
  68 11 00 00 00 00 00 68   11 04 6E 34 39 38 09 16  
 发送  2013-8-14 上午 09:42:18
  FE FE FE FE 68 11 00 00   00 00 00 68 91 09 6E 33   39 38 33 33 49 39 46 BB   16  
 接收  2013-8-14 上午 09:42:18
  68 11 00 00 00 00 00 68   11 04 6E 33 39 38 08 16  
 接收  2013-8-14 上午 09:42:15
  68 02 00 00 00 00 00 68   11 04 33 32 34 33 B3 16  
 接收  2013-8-14 上午 09:42:13
  68 02 00 00 00 00 00 68   11 04 33 32 34 33 B3 16  
 发送  2013-8-14 上午 09:42:02
  FE FE FE FE 68 22 00 00   00 00 00 68 91 08 33 33   73 33 33 33 33 33 63 16  
 接收  2013-8-14 上午 09:42:02
  68 22 00 00 00 00 00 68   11 04 33 33 73 33 13 16  
 发送  2013-8-14 上午 09:42:00
  FE FE FE FE 68 22 00 00   00 00 00 68 91 08 33 33   72 33 8B 49 33 33 D0 16  
 接收  2013-8-14 上午 09:42:00
  68 22 00 00 00 00 00 68   11 04 33 33 72 33 12 16  
 发送  2013-8-14 上午 09:41:58
  FE FE FE FE 68 22 00 00   00 00 00 68 91 08 33 33   71 33 33 33 33 33 61 16  
 接收  2013-8-14 上午 09:41:58
  68 22 00 00 00 00 00 68   11 04 33 33 71 33 11 16  
 发送  2013-8-14 上午 09:41:56
  FE FE FE FE 68 22 00 00   00 00 00 68 91 08 33 33   70 33 B8 C4 34 33 77 16  
 接收  2013-8-14 上午 09:41:56
  68 22 00 00 00 00 00 68   11 04 33 33 70 33 10 16  
 接收  2013-8-14 上午 09:41:51
  68 01 00 00 00 00 00 68   11 04 32 38 33 37 BA 16  
 发送  2013-8-14 上午 09:41:50
  FE FE FE FE 68 22 00 00   00 00 00 68 91 08 33 33   5F 33 33 33 33 33 4F 16  
 接收  2013-8-14 上午 09:41:50
  68 22 00 00 00 00 00 68   11 04 33 33 5F 33 FF 16  
 发送  2013-8-14 上午 09:41:48
  FE FE FE FE 68 22 00 00   00 00 00 68 91 08 33 33   5E 33 8B 49 33 33 BC 16  
 接收  2013-8-14 上午 09:41:48
  68 22 00 00 00 00 00 68   11 04 33 33 5E 33 FE 16  
 发送  2013-8-14 上午 09:41:46
  FE FE FE FE 68 22 00 00   00 00 00 68 91 08 33 33   5D 33 33 33 33 33 4D 16  
 接收  2013-8-14 上午 09:41:46
  68 22 00 00 00 00 00 68   11 04 33 33 5D 33 FD 16  
 发送  2013-8-14 上午 09:41:44
  FE FE FE FE 68 22 00 00   00 00 00 68 91 08 33 33   5C 33 B7 C4 34 33 62 16  
 接收  2013-8-14 上午 09:41:44
  68 22 00 00 00 00 00 68   11 04 33 33 5C 33 FC 16  
 发送  2013-8-14 上午 09:41:42
  FE FE FE FE 68 22 00 00   00 00 00 68 91 08 33 33   4B 33 33 33 33 33 3B 16  
 接收  2013-8-14 上午 09:41:42
  68 22 00 00 00 00 00 68   11 04 33 33 4B 33 EB 16  
 发送  2013-8-14 上午 09:41:40
  FE FE FE FE 68 22 00 00   00 00 00 68 91 08 33 33   4A 33 8B 49 33 33 A8 16  
 接收  2013-8-14 上午 09:41:40
  68 22 00 00 00 00 00 68   11 04 33 33 4A 33 EA 16  
 发送  2013-8-14 上午 09:41:38
  FE FE FE FE 68 22 00 00   00 00 00 68 91 08 33 33   49 33 33 33 33 33 39 16  
 接收  2013-8-14 上午 09:41:38
  68 22 00 00 00 00 00 68   11 04 33 33 49 33 E9 16  
 发送  2013-8-14 上午 09:41:36
  FE FE FE FE 68 22 00 00   00 00 00 68 91 08 33 33   48 33 B6 C4 34 33 4D 16  
 接收  2013-8-14 上午 09:41:36
  68 22 00 00 00 00 00 68   11 04 33 33 48 33 E8 16  
 发送  2013-8-14 上午 09:41:34
  FE FE FE FE 68 22 00 00   00 00 00 68 91 04 34 3F   39 38 6B 16  
 接收  2013-8-14 上午 09:41:34
  68 22 00 00 00 00 00 68   11 04 34 3F 39 38 EB 16  
 发送  2013-8-14 上午 09:41:32
  FE FE FE FE 68 22 00 00   00 00 00 68 91 44 34 3D   39 38 57 73 45 74 3C 47   3B 46 35 57 34 74 3B 47   3B 46 37 7B 35 74 3A 47   3B 46 3A A5 36 74 39 47   3B 46 3C C9 37 74 38 47   3B 46 86 66 43 84 77 36   84 77 36 84 77 36 33 33   33 33 33 33 33 33 33 33   33 33 24 16  
 接收  2013-8-14 上午 09:41:32
  68 22 00 00 00 00 00 68   11 04 34 3D 39 38 E9 16  
 发送  2013-8-14 上午 09:41:30
  FE FE FE FE 68 22 00 00   00 00 00 68 91 04 34 3E   39 38 6A 16  
 接收  2013-8-14 上午 09:41:30
  68 22 00 00 00 00 00 68   11 04 34 3E 39 38 EA 16  
 发送  2013-8-14 上午 09:41:28
  FE FE FE FE 68 22 00 00   00 00 00 68 91 44 34 3C   39 38 57 77 45 74 3C 47   3B 46 75 57 34 74 3B 47   3B 46 B7 7B 35 74 3A 47   3B 46 5A A6 36 74 39 47   3B 46 9C CA 37 74 38 47   3B 46 B9 69 43 95 78 36   95 78 36 95 78 36 33 33   33 33 33 33 33 33 33 33   33 33 D5 16  
 接收  2013-8-14 上午 09:41:28
  68 22 00 00 00 00 00 68   11 04 34 3C 39 38 E8 16  
 发送  2013-8-14 上午 09:41:26
  FE FE FE FE 68 22 00 00   00 00 00 68 91 18 34 3B   39 38 49 33 33 33 34 33   33 33 36 33 33 33 37 33   33 33 39 33 33 33 9B 16  
 接收  2013-8-14 上午 09:41:26
  68 22 00 00 00 00 00 68   11 04 34 3B 39 38 E7 16  
 发送  2013-8-14 上午 09:41:24
  FE FE FE FE 68 22 00 00   00 00 00 68 91 18 34 3A   39 38 49 33 33 33 34 33   33 33 36 33 33 33 37 33   33 33 39 33 33 33 9A 16  
 接收  2013-8-14 上午 09:41:24
  68 22 00 00 00 00 00 68   11 04 34 3A 39 38 E6 16  
 发送  2013-8-14 上午 09:41:22
  FE FE FE FE 68 22 00 00   00 00 00 68 91 18 34 39   39 38 49 33 33 33 34 33   33 33 36 33 33 33 37 33   33 33 39 33 33 33 99 16  
 接收  2013-8-14 上午 09:41:22
  68 22 00 00 00 00 00 68   11 04 34 39 39 38 E5 16  
 发送  2013-8-14 上午 09:41:20
  FE FE FE FE 68 22 00 00   00 00 00 68 91 18 34 38   39 38 CA 33 33 33 3C 33   33 33 4C 33 33 33 5C 33   33 33 6B 33 33 33 8E 16  
 接收  2013-8-14 上午 09:41:20
  68 22 00 00 00 00 00 68   11 04 34 38 39 38 E4 16  
 发送  2013-8-14 上午 09:41:18
  FE FE FE FE 68 22 00 00   00 00 00 68 91 18 34 37   39 38 33 33 33 33 33 33   33 33 33 33 33 33 33 33   33 33 33 33 33 33 73 16  
 接收  2013-8-14 上午 09:41:18
  68 22 00 00 00 00 00 68   11 04 34 37 39 38 E3 16  
 发送  2013-8-14 上午 09:41:16
  FE FE FE FE 68 22 00 00   00 00 00 68 91 18 34 35   39 38 33 33 33 33 33 33   33 33 33 33 33 33 33 33   33 33 33 33 33 33 71 16  
 接收  2013-8-14 上午 09:41:16
  68 22 00 00 00 00 00 68   11 04 34 35 39 38 E1 16  
 发送  2013-8-14 上午 09:41:14
  FE FE FE FE 68 22 00 00   00 00 00 68 91 18 34 36   39 38 B4 33 33 33 3B 33   33 33 49 33 33 33 57 33   33 33 65 33 33 33 67 16  
 接收  2013-8-14 上午 09:41:14
  68 22 00 00 00 00 00 68   11 04 34 36 39 38 E2 16  
 发送  2013-8-14 上午 09:41:12
  FE FE FE FE 68 22 00 00   00 00 00 68 91 18 34 34   39 38 6A 3C 33 33 C6 33   33 33 BA 34 33 33 B4 35   33 33 A8 36 33 33 C6 16  
 接收  2013-8-14 上午 09:41:12
  68 22 00 00 00 00 00 68   11 04 34 34 39 38 E0 16  
 发送  2013-8-14 上午 09:41:10
  FE FE FE FE 68 11 00 00   00 00 00 68 91 18 6F 35   39 38 33 33 33 33 33 33   33 33 33 33 33 33 33 33   33 33 33 33 33 33 9B 16  
 接收  2013-8-14 上午 09:41:10
  68 11 00 00 00 00 00 68   11 04 6F 35 39 38 0B 16  
 发送  2013-8-14 上午 09:41:08
  FE FE FE FE 68 11 00 00   00 00 00 68 91 18 6F 34   39 38 9C 3C 3C 33 C9 C3   33 33 C6 B4 34 33 C3 A5   35 33 BA 96 36 33 41 16  
 接收  2013-8-14 上午 09:41:08
  68 11 00 00 00 00 00 68   11 04 6F 34 39 38 0A 16  
 发送  2013-8-14 上午 09:41:06
  FE FE FE FE 68 11 00 00   00 00 00 68 91 09 6F 33   39 38 33 33 48 39 46 BB   16  
 接收  2013-8-14 上午 09:41:06
  68 11 00 00 00 00 00 68   11 04 6F 33 39 38 09 16  
 接收  2013-8-14 上午 09:41:01
  68 01 00 00 00 00 00 68   11 04 32 38 33 37 BA 16  
 接收  2013-8-14 上午 09:40:59
  68 02 00 00 00 00 00 68   11 04 33 32 34 33 B3 16  
 发送  2013-8-14 上午 09:40:48
  FE FE FE FE 68 22 00 00   00 00 00 68 91 08 33 33   73 33 33 33 33 33 63 16  
 接收  2013-8-14 上午 09:40:48
  68 22 00 00 00 00 00 68   11 04 33 33 73 33 13 16  
 发送  2013-8-14 上午 09:40:46
  FE FE FE FE 68 22 00 00   00 00 00 68 91 08 33 33   72 33 8B 49 33 33 D0 16  
 接收  2013-8-14 上午 09:40:46
  68 22 00 00 00 00 00 68   11 04 33 33 72 33 12 16  
 发送  2013-8-14 上午 09:40:44
  FE FE FE FE 68 22 00 00   00 00 00 68 91 08 33 33   71 33 33 33 33 33 61 16  
 接收  2013-8-14 上午 09:40:44
  68 22 00 00 00 00 00 68   11 04 33 33 71 33 11 16  
 发送  2013-8-14 上午 09:40:42
  FE FE FE FE 68 22 00 00   00 00 00 68 91 08 33 33   70 33 AB C4 34 33 6A 16  
 接收  2013-8-14 上午 09:40:42
  68 22 00 00 00 00 00 68   11 04 33 33 70 33 10 16  
 发送  2013-8-14 上午 09:40:40
  FE FE FE FE 68 22 00 00   00 00 00 68 91 08 33 33   5F 33 33 33 33 33 4F 16  
 接收  2013-8-14 上午 09:40:40
  68 22 00 00 00 00 00 68   11 04 33 33 5F 33 FF 16  
 发送  2013-8-14 上午 09:40:38
  FE FE FE FE 68 22 00 00   00 00 00 68 91 08 33 33   5E 33 8B 49 33 33 BC 16  
 接收  2013-8-14 上午 09:40:38
  68 22 00 00 00 00 00 68   11 04 33 33 5E 33 FE 16  
 发送  2013-8-14 上午 09:40:36
  FE FE FE FE 68 22 00 00   00 00 00 68 91 08 33 33   5D 33 33 33 33 33 4D 16  
 接收  2013-8-14 上午 09:40:36
  68 22 00 00 00 00 00 68   11 04 33 33 5D 33 FD 16  
 发送  2013-8-14 上午 09:40:34
  FE FE FE FE 68 22 00 00   00 00 00 68 91 08 33 33   5C 33 AA C4 34 33 55 16  
 接收  2013-8-14 上午 09:40:34
  68 22 00 00 00 00 00 68   11 04 33 33 5C 33 FC 16  
 发送  2013-8-14 上午 09:40:32
  FE FE FE FE 68 22 00 00   00 00 00 68 91 08 33 33   4B 33 33 33 33 33 3B 16  
 接收  2013-8-14 上午 09:40:32
  68 22 00 00 00 00 00 68   11 04 33 33 4B 33 EB 16  
 发送  2013-8-14 上午 09:40:30
  FE FE FE FE 68 22 00 00   00 00 00 68 91 08 33 33   4A 33 8B 49 33 33 A8 16  
 接收  2013-8-14 上午 09:40:30
  68 22 00 00 00 00 00 68   11 04 33 33 4A 33 EA 16  
 发送  2013-8-14 上午 09:40:28
  FE FE FE FE 68 22 00 00   00 00 00 68 91 08 33 33   49 33 33 33 33 33 39 16  
 接收  2013-8-14 上午 09:40:28
  68 22 00 00 00 00 00 68   11 04 33 33 49 33 E9 16  
 发送  2013-8-14 上午 09:40:26
  FE FE FE FE 68 22 00 00   00 00 00 68 91 08 33 33   48 33 AA C4 34 33 41 16  
 接收  2013-8-14 上午 09:40:26
  68 22 00 00 00 00 00 68   11 04 33 33 48 33 E8 16  
 发送  2013-8-14 上午 09:40:24
  FE FE FE FE 68 22 00 00   00 00 00 68 91 04 34 3F   39 38 6B 16  
 接收  2013-8-14 上午 09:40:24
  68 22 00 00 00 00 00 68   11 04 34 3F 39 38 EB 16  
 发送  2013-8-14 上午 09:40:22
  FE FE FE FE 68 22 00 00   00 00 00 68 91 44 34 3D   39 38 AC C9 45 73 3C 47   3B 46 9A 5C 34 73 3B 47   3B 46 68 8C 35 73 3A 47   3B 46 36 BC 36 73 39 47   3B 46 A4 4B 38 73 38 47   3B 46 99 B3 43 55 93 36   55 93 36 55 93 36 33 33   33 33 33 33 33 33 33 33   33 33 9B 16  
 接收  2013-8-14 上午 09:40:22
  68 22 00 00 00 00 00 68   11 04 34 3D 39 38 E9 16  
 发送  2013-8-14 上午 09:40:20
  FE FE FE FE 68 22 00 00   00 00 00 68 91 04 34 3E   39 38 6A 16  
 接收  2013-8-14 上午 09:40:20
  68 22 00 00 00 00 00 68   11 04 34 3E 39 38 EA 16  
 发送  2013-8-14 上午 09:40:18
  FE FE FE FE 68 22 00 00   00 00 00 68 91 44 34 3C   39 38 BB 33 46 73 3C 47   3B 46 3B 63 34 73 3B 47   3B 46 4A 93 35 73 3A 47   3B 46 59 C3 36 73 39 47   3B 46 68 53 38 73 38 47   3B 46 3A B7 43 68 94 36   68 94 36 68 94 36 33 33   33 33 33 33 33 33 33 33   33 33 7C 16  
 接收  2013-8-14 上午 09:40:18
  68 22 00 00 00 00 00 68   11 04 34 3C 39 38 E8 16  
 发送  2013-8-14 上午 09:40:16
  FE FE FE FE 68 22 00 00   00 00 00 68 91 18 34 3B   39 38 49 33 33 33 34 33   33 33 36 33 33 33 37 33   33 33 39 33 33 33 9B 16  
 接收  2013-8-14 上午 09:40:16
  68 22 00 00 00 00 00 68   11 04 34 3B 39 38 E7 16  
 接收  2013-8-14 上午 09:40:11
  68 01 00 00 00 00 00 68   11 04 32 38 33 37 BA 16  
 发送  2013-8-14 上午 09:40:10
  FE FE FE FE 68 22 00 00   00 00 00 68 91 18 34 3A   39 38 49 33 33 33 34 33   33 33 36 33 33 33 37 33   33 33 39 33 33 33 9A 16  
 接收  2013-8-14 上午 09:40:10
  68 22 00 00 00 00 00 68   11 04 34 3A 39 38 E6 16  
 发送  2013-8-14 上午 09:40:08
  FE FE FE FE 68 22 00 00   00 00 00 68 91 18 34 39   39 38 49 33 33 33 34 33   33 33 36 33 33 33 37 33   33 33 39 33 33 33 99 16  
 接收  2013-8-14 上午 09:40:08
  68 22 00 00 00 00 00 68   11 04 34 39 39 38 E5 16  
 发送  2013-8-14 上午 09:40:06
  FE FE FE FE 68 22 00 00   00 00 00 68 91 18 34 38   39 38 CA 33 33 33 3C 33   33 33 4C 33 33 33 5C 33   33 33 6B 33 33 33 8E 16  
 接收  2013-8-14 上午 09:40:06
  68 22 00 00 00 00 00 68   11 04 34 38 39 38 E4 16  
 发送  2013-8-14 上午 09:40:04
  FE FE FE FE 68 22 00 00   00 00 00 68 91 18 34 37   39 38 33 33 33 33 33 33   33 33 33 33 33 33 33 33   33 33 33 33 33 33 73 16  
 接收  2013-8-14 上午 09:40:04
  68 22 00 00 00 00 00 68   11 04 34 37 39 38 E3 16  
 发送  2013-8-14 上午 09:40:02
  FE FE FE FE 68 22 00 00   00 00 00 68 91 18 34 35   39 38 33 33 33 33 33 33   33 33 33 33 33 33 33 33   33 33 33 33 33 33 71 16  
 接收  2013-8-14 上午 09:40:02
  68 22 00 00 00 00 00 68   11 04 34 35 39 38 E1 16  
 发送  2013-8-14 上午 09:40:00
  FE FE FE FE 68 22 00 00   00 00 00 68 91 18 34 36   39 38 B4 33 33 33 3B 33   33 33 49 33 33 33 57 33   33 33 65 33 33 33 67 16  
 接收  2013-8-14 上午 09:40:00
  68 22 00 00 00 00 00 68   11 04 34 36 39 38 E2 16  
 发送  2013-8-14 上午 09:39:58
  FE FE FE FE 68 22 00 00   00 00 00 68 91 18 34 34   39 38 6A 3C 33 33 C6 33   33 33 BA 34 33 33 B4 35   33 33 A7 36 33 33 C5 16  
 接收  2013-8-14 上午 09:39:58
  68 22 00 00 00 00 00 68   11 04 34 34 39 38 E0 16  
 发送  2013-8-14 上午 09:39:56
  FE FE FE FE 68 11 00 00   00 00 00 68 91 18 70 35   39 38 33 33 33 33 33 33   33 33 33 33 33 33 33 33   33 33 33 33 33 33 9C 16  
 接收  2013-8-14 上午 09:39:56
  68 11 00 00 00 00 00 68   11 04 70 35 39 38 0C 16  
 发送  2013-8-14 上午 09:39:54
  FE FE FE FE 68 11 00 00   00 00 00 68 91 18 70 34   39 38 96 57 3C 33 79 C5   33 33 C5 B7 34 33 6C AA   35 33 B8 9C 36 33 BD 16  
 接收  2013-8-14 上午 09:39:54
  68 11 00 00 00 00 00 68   11 04 70 34 39 38 0B 16  
 发送  2013-8-14 上午 09:39:52
  FE FE FE FE 68 11 00 00   00 00 00 68 91 09 70 33   39 38 33 33 47 39 46 BB   16  
 接收  2013-8-14 上午 09:39:52
  68 11 00 00 00 00 00 68   11 04 70 33 39 38 0A 16  
 接收  2013-8-14 上午 09:39:49
  68 01 00 00 00 00 00 68   11 04 33 32 34 33 B2 16  
 接收  2013-8-14 上午 09:39:47
  68 01 00 00 00 00 00 68   11 04 33 32 34 33 B2 16  
 发送  2013-8-14 上午 09:39:36
  FE FE FE FE 68 22 00 00   00 00 00 68 91 08 33 33   73 33 33 33 33 33 63 16  
 接收  2013-8-14 上午 09:39:36
  68 22 00 00 00 00 00 68   11 04 33 33 73 33 13 16  
 发送  2013-8-14 上午 09:39:34
  FE FE FE FE 68 22 00 00   00 00 00 68 91 08 33 33   72 33 8B 49 33 33 D0 16  
 接收  2013-8-14 上午 09:39:34
  68 22 00 00 00 00 00 68   11 04 33 33 72 33 12 16  
 发送  2013-8-14 上午 09:39:32
  FE FE FE FE 68 22 00 00   00 00 00 68 91 08 33 33   71 33 33 33 33 33 61 16  
 接收  2013-8-14 上午 09:39:32
  68 22 00 00 00 00 00 68   11 04 33 33 71 33 11 16  
 发送  2013-8-14 上午 09:39:30
  FE FE FE FE 68 22 00 00   00 00 00 68 91 08 33 33   70 33 A4 C4 34 33 63 16  
 接收  2013-8-14 上午 09:39:30
  68 22 00 00 00 00 00 68   11 04 33 33 70 33 10 16  
 发送  2013-8-14 上午 09:39:28
  FE FE FE FE 68 22 00 00   00 00 00 68 91 08 33 33   5F 33 33 33 33 33 4F 16  
 接收  2013-8-14 上午 09:39:28
  68 22 00 00 00 00 00 68   11 04 33 33 5F 33 FF 16  
 发送  2013-8-14 上午 09:39:26
  FE FE FE FE 68 22 00 00   00 00 00 68 91 08 33 33   5E 33 8B 49 33 33 BC 16  
 接收  2013-8-14 上午 09:39:26
  68 22 00 00 00 00 00 68   11 04 33 33 5E 33 FE 16  
 接收  2013-8-14 上午 09:39:21
  68 01 00 00 00 00 00 68   11 04 32 38 33 37 BA 16  
 发送  2013-8-14 上午 09:39:20
  FE FE FE FE 68 22 00 00   00 00 00 68 91 08 33 33   5D 33 33 33 33 33 4D 16  
 接收  2013-8-14 上午 09:39:20
  68 22 00 00 00 00 00 68   11 04 33 33 5D 33 FD 16  
 发送  2013-8-14 上午 09:39:18
  FE FE FE FE 68 22 00 00   00 00 00 68 91 08 33 33   5C 33 A3 C4 34 33 4E 16  
 接收  2013-8-14 上午 09:39:18
  68 22 00 00 00 00 00 68   11 04 33 33 5C 33 FC 16  
 发送  2013-8-14 上午 09:39:16
  FE FE FE FE 68 22 00 00   00 00 00 68 91 08 33 33   4B 33 33 33 33 33 3B 16  
 接收  2013-8-14 上午 09:39:16
  68 22 00 00 00 00 00 68   11 04 33 33 4B 33 EB 16  
 发送  2013-8-14 上午 09:39:14
  FE FE FE FE 68 22 00 00   00 00 00 68 91 08 33 33   4A 33 8B 49 33 33 A8 16  
 接收  2013-8-14 上午 09:39:14
  68 22 00 00 00 00 00 68   11 04 33 33 4A 33 EA 16  
 发送  2013-8-14 上午 09:39:12
  FE FE FE FE 68 22 00 00   00 00 00 68 91 08 33 33   49 33 33 33 33 33 39 16  
 接收  2013-8-14 上午 09:39:12
  68 22 00 00 00 00 00 68   11 04 33 33 49 33 E9 16  
 发送  2013-8-14 上午 09:39:10
  FE FE FE FE 68 22 00 00   00 00 00 68 91 08 33 33   48 33 A3 C4 34 33 3A 16  
 接收  2013-8-14 上午 09:39:10
  68 22 00 00 00 00 00 68   11 04 33 33 48 33 E8 16  
 发送  2013-8-14 上午 09:39:08
  FE FE FE FE 68 22 00 00   00 00 00 68 91 04 34 3F   39 38 6B 16  
 接收  2013-8-14 上午 09:39:08
  68 22 00 00 00 00 00 68   11 04 34 3F 39 38 EB 16  
 发送  2013-8-14 上午 09:39:06
  FE FE FE FE 68 22 00 00   00 00 00 68 91 44 34 3D   39 38 A3 67 45 6C 3C 47   3B 46 7A 56 34 6C 3B 47   3B 46 C7 79 35 6C 3A 47   3B 46 74 A3 36 6C 39 47   3B 46 BB C6 37 6C 38 47   3B 46 C4 5B 43 CA 75 36   CA 75 36 CA 75 36 33 33   33 33 33 33 33 33 33 33   33 33 C1 16  
 接收  2013-8-14 上午 09:39:06
  68 22 00 00 00 00 00 68   11 04 34 3D 39 38 E9 16  
 发送  2013-8-14 上午 09:39:04
  FE FE FE FE 68 22 00 00   00 00 00 68 91 04 34 3E   39 38 6A 16  
 接收  2013-8-14 上午 09:39:04
  68 22 00 00 00 00 00 68   11 04 34 3E 39 38 EA 16  
 发送  2013-8-14 上午 09:39:02
  FE FE FE FE 68 22 00 00   00 00 00 68 91 44 34 3C   39 38 9C 6B 45 6C 3C 47   3B 46 B9 56 34 6C 3B 47   3B 46 A6 7A 35 6C 3A 47   3B 46 93 A4 36 6C 39 47   3B 46 7A C8 37 6C 38 47   3B 46 57 65 43 3B 77 36   3B 77 36 3B 77 36 33 33   33 33 33 33 33 33 33 33   33 33 B3 16  
 接收  2013-8-14 上午 09:39:02
  68 22 00 00 00 00 00 68   11 04 34 3C 39 38 E8 16  
 发送  2013-8-14 上午 09:39:00
  FE FE FE FE 68 22 00 00   00 00 00 68 91 18 34 3B   39 38 49 33 33 33 34 33   33 33 36 33 33 33 37 33   33 33 39 33 33 33 9B 16  
 接收  2013-8-14 上午 09:39:00
  68 22 00 00 00 00 00 68   11 04 34 3B 39 38 E7 16  
 发送  2013-8-14 上午 09:38:58
  FE FE FE FE 68 22 00 00   00 00 00 68 91 18 34 3A   39 38 49 33 33 33 34 33   33 33 36 33 33 33 37 33   33 33 39 33 33 33 9A 16  
 接收  2013-8-14 上午 09:38:58
  68 22 00 00 00 00 00 68   11 04 34 3A 39 38 E6 16  
 发送  2013-8-14 上午 09:38:56
  FE FE FE FE 68 22 00 00   00 00 00 68 91 18 34 39   39 38 49 33 33 33 34 33   33 33 36 33 33 33 37 33   33 33 39 33 33 33 99 16  
 接收  2013-8-14 上午 09:38:56
  68 22 00 00 00 00 00 68   11 04 34 39 39 38 E5 16  
 发送  2013-8-14 上午 09:38:54
  FE FE FE FE 68 22 00 00   00 00 00 68 91 18 34 38   39 38 CA 33 33 33 3C 33   33 33 4C 33 33 33 5C 33   33 33 6B 33 33 33 8E 16  
 接收  2013-8-14 上午 09:38:54
  68 22 00 00 00 00 00 68   11 04 34 38 39 38 E4 16  
 发送  2013-8-14 上午 09:38:52
  FE FE FE FE 68 22 00 00   00 00 00 68 91 18 34 37   39 38 33 33 33 33 33 33   33 33 33 33 33 33 33 33   33 33 33 33 33 33 73 16  
 接收  2013-8-14 上午 09:38:52
  68 22 00 00 00 00 00 68   11 04 34 37 39 38 E3 16  
 发送  2013-8-14 上午 09:38:50
  FE FE FE FE 68 22 00 00   00 00 00 68 91 18 34 35   39 38 33 33 33 33 33 33   33 33 33 33 33 33 33 33   33 33 33 33 33 33 71 16  
 接收  2013-8-14 上午 09:38:50
  68 22 00 00 00 00 00 68   11 04 34 35 39 38 E1 16  
 发送  2013-8-14 上午 09:38:48
  FE FE FE FE 68 22 00 00   00 00 00 68 91 18 34 36   39 38 B4 33 33 33 3B 33   33 33 49 33 33 33 57 33   33 33 65 33 33 33 67 16  
 接收  2013-8-14 上午 09:38:48
  68 22 00 00 00 00 00 68   11 04 34 36 39 38 E2 16  
 发送  2013-8-14 上午 09:38:46
  FE FE FE FE 68 22 00 00   00 00 00 68 91 18 34 34   39 38 69 3C 33 33 C6 33   33 33 BA 34 33 33 B4 35   33 33 A7 36 33 33 C4 16  
 接收  2013-8-14 上午 09:38:46
  68 22 00 00 00 00 00 68   11 04 34 34 39 38 E0 16  
 发送  2013-8-14 上午 09:38:44
  FE FE FE FE 68 11 00 00   00 00 00 68 91 18 71 35   39 38 33 33 33 33 33 33   33 33 33 33 33 33 33 33   33 33 33 33 33 33 9D 16  
 接收  2013-8-14 上午 09:38:44
  68 11 00 00 00 00 00 68   11 04 71 35 39 38 0D 16  
 发送  2013-8-14 上午 09:38:42
  FE FE FE FE 68 11 00 00   00 00 00 68 91 18 71 34   39 38 8C 6C 3C 33 C8 C6   33 33 C4 BA 34 33 BA B4   35 33 B6 A8 36 33 7D 16  
 接收  2013-8-14 上午 09:38:42
  68 11 00 00 00 00 00 68   11 04 71 34 39 38 0C 16  
 发送  2013-8-14 上午 09:38:40
  FE FE FE FE 68 11 00 00   00 00 00 68 91 09 71 33   39 38 33 33 46 39 46 BB   16  
 接收  2013-8-14 上午 09:38:40
  68 11 00 00 00 00 00 68   11 04 71 33 39 38 0B 16  
 发送  2013-8-14 上午 09:38:37
  FE FE FE FE 68 22 00 00   00 00 00 68 91 18 71 35   39 38 33 33 33 33 33 33   33 33 33 33 33 33 33 33   33 33 33 33 33 33 AE 16  
 接收  2013-8-14 上午 09:38:37
  68 22 00 00 00 00 00 68   11 04 71 35 39 38 1E 16  
 发送  2013-8-14 上午 09:38:36
  FE FE FE FE 68 22 00 00   00 00 00 68 91 18 71 34   39 38 B3 B3 38 33 3B 8B   33 33 49 49 34 33 57 A7   34 33 65 65 35 33 3E 16  
 接收  2013-8-14 上午 09:38:35
  68 22 00 00 00 00 00 68   11 04 71 34 39 38 1D 16  
 接收  2013-8-14 上午 09:38:30
  68 01 00 00 00 00 00 68   11 04 32 38 33 37 BA 16  
 发送  2013-8-14 上午 09:38:29
  FE FE FE FE 68 22 00 00   00 00 00 68 91 09 71 33   39 38 33 33 46 39 46 CC   16  
 接收  2013-8-14 上午 09:38:29
  68 22 00 00 00 00 00 68   11 04 71 33 39 38 1C 16  
 发送  2013-8-14 上午 09:38:27
  FE FE FE FE 68 11 00 00   00 00 00 68 D1 01 35 E8   16  
 接收  2013-8-14 上午 09:38:27
  68 EF CD CD CD CD CD 68   11 04 3E 00 06 05 1E 16  
 接收  2013-8-14 上午 09:38:25
  68 01 00 00 00 00 00 68   11 04 33 32 34 33 B2 16  
 发送  2013-8-14 上午 09:38:14
  FE FE FE FE 68 11 00 00   00 00 00 68 91 08 33 33   73 33 33 33 33 33 52 16  
 接收  2013-8-14 上午 09:38:14
  68 11 00 00 00 00 00 68   11 04 33 33 73 33 02 16  
 发送  2013-8-14 上午 09:38:12
  FE FE FE FE 68 11 00 00   00 00 00 68 91 08 33 33   72 33 77 53 33 33 B5 16  
 接收  2013-8-14 上午 09:38:12
  68 11 00 00 00 00 00 68   11 04 33 33 72 33 01 16  
 发送  2013-8-14 上午 09:38:10
  FE FE FE FE 68 11 00 00   00 00 00 68 91 08 33 33   71 33 33 33 33 33 50 16  
 接收  2013-8-14 上午 09:38:10
  68 11 00 00 00 00 00 68   11 04 33 33 71 33 00 16  
 发送  2013-8-14 上午 09:38:08
  FE FE FE FE 68 11 00 00   00 00 00 68 91 08 33 33   70 33 36 43 36 33 65 16  
 接收  2013-8-14 上午 09:38:08
  68 11 00 00 00 00 00 68   11 04 33 33 70 33 FF 16  
 发送  2013-8-14 上午 09:38:06
  FE FE FE FE 68 11 00 00   00 00 00 68 91 08 33 33   5F 33 33 33 33 33 3E 16  
 接收  2013-8-14 上午 09:38:06
  68 11 00 00 00 00 00 68   11 04 33 33 5F 33 EE 16  
 发送  2013-8-14 上午 09:38:04
  FE FE FE FE 68 11 00 00   00 00 00 68 91 08 33 33   5E 33 77 53 33 33 A1 16  
 接收  2013-8-14 上午 09:38:04
  68 11 00 00 00 00 00 68   11 04 33 33 5E 33 ED 16  
 发送  2013-8-14 上午 09:38:02
  FE FE FE FE 68 11 00 00   00 00 00 68 91 08 33 33   5D 33 33 33 33 33 3C 16  
 接收  2013-8-14 上午 09:38:02
  68 11 00 00 00 00 00 68   11 04 33 33 5D 33 EC 16  
 发送  2013-8-14 上午 09:38:00
  FE FE FE FE 68 11 00 00   00 00 00 68 91 08 33 33   5C 33 35 43 36 33 50 16  
 接收  2013-8-14 上午 09:38:00
  68 11 00 00 00 00 00 68   11 04 33 33 5C 33 EB 16  
 发送  2013-8-14 上午 09:37:58
  FE FE FE FE 68 11 00 00   00 00 00 68 91 08 33 33   4B 33 33 33 33 33 2A 16  
 接收  2013-8-14 上午 09:37:58
  68 11 00 00 00 00 00 68   11 04 33 33 4B 33 DA 16  
 发送  2013-8-14 上午 09:37:56
  FE FE FE FE 68 11 00 00   00 00 00 68 91 08 33 33   4A 33 77 53 33 33 8D 16  
 接收  2013-8-14 上午 09:37:56
  68 11 00 00 00 00 00 68   11 04 33 33 4A 33 D9 16  
 发送  2013-8-14 上午 09:37:54
  FE FE FE FE 68 11 00 00   00 00 00 68 91 08 33 33   49 33 33 33 33 33 28 16  
 接收  2013-8-14 上午 09:37:54
  68 11 00 00 00 00 00 68   11 04 33 33 49 33 D8 16  
 发送  2013-8-14 上午 09:37:52
  FE FE FE FE 68 11 00 00   00 00 00 68 91 08 33 33   48 33 34 43 36 33 3B 16  
 接收  2013-8-14 上午 09:37:52
  68 11 00 00 00 00 00 68   11 04 33 33 48 33 D7 16  
 发送  2013-8-14 上午 09:37:50
  FE FE FE FE 68 11 00 00   00 00 00 68 91 04 34 3F   39 38 5A 16  
 接收  2013-8-14 上午 09:37:50
  68 11 00 00 00 00 00 68   11 04 34 3F 39 38 DA 16  
 发送  2013-8-14 上午 09:37:48
  FE FE FE FE 68 11 00 00   00 00 00 68 91 44 34 3D   39 38 5C CC 45 6A 3C 47   3B 46 C5 5C 34 6A 3B 47   3B 46 B8 8C 35 6A 3A 47   3B 46 AB BC 36 6A 39 47   3B 46 A4 4C 38 6A 38 47   3B 46 A7 B5 43 C4 93 36   C4 93 36 C4 93 36 33 33   33 33 33 33 33 33 33 33   33 33 5E 16  
 接收  2013-8-14 上午 09:37:48
  68 11 00 00 00 00 00 68   11 04 34 3D 39 38 D8 16  
 发送  2013-8-14 上午 09:37:46
  FE FE FE FE 68 11 00 00   00 00 00 68 91 04 34 3E   39 38 59 16  
 接收  2013-8-14 上午 09:37:46
  68 11 00 00 00 00 00 68   11 04 34 3E 39 38 D9 16  
 接收  2013-8-14 上午 09:37:41
  68 01 00 00 00 00 00 68   11 04 32 38 33 37 BA 16  
 发送  2013-8-14 上午 09:37:40
  FE FE FE FE 68 11 00 00   00 00 00 68 91 44 34 3C   39 38 6B 36 46 6A 3C 47   3B 46 66 63 34 6A 3B 47   3B 46 9A 93 35 6A 3A 47   3B 46 34 C4 36 6A 39 47   3B 46 68 54 38 6A 38 47   3B 46 48 B9 43 38 95 36   38 95 36 38 95 36 33 33   33 33 33 33 33 33 33 33   33 33 CC 16  
 接收  2013-8-14 上午 09:37:40
  68 11 00 00 00 00 00 68   11 04 34 3C 39 38 D7 16  
 发送  2013-8-14 上午 09:37:38
  FE FE FE FE 68 11 00 00   00 00 00 68 91 18 34 3B   39 38 49 33 33 33 34 33   33 33 36 33 33 33 37 33   33 33 39 33 33 33 8A 16  
 接收  2013-8-14 上午 09:37:38
  68 11 00 00 00 00 00 68   11 04 34 3B 39 38 D6 16  
 发送  2013-8-14 上午 09:37:36
  FE FE FE FE 68 11 00 00   00 00 00 68 91 18 34 3A   39 38 49 33 33 33 34 33   33 33 36 33 33 33 37 33   33 33 39 33 33 33 89 16  
 接收  2013-8-14 上午 09:37:36
  68 11 00 00 00 00 00 68   11 04 34 3A 39 38 D5 16  
 发送  2013-8-14 上午 09:37:34
  FE FE FE FE 68 11 00 00   00 00 00 68 91 18 34 39   39 38 49 33 33 33 34 33   33 33 36 33 33 33 37 33   33 33 39 33 33 33 88 16  
 接收  2013-8-14 上午 09:37:34
  68 11 00 00 00 00 00 68   11 04 34 39 39 38 D4 16  
 发送  2013-8-14 上午 09:37:32
  FE FE FE FE 68 11 00 00   00 00 00 68 91 18 34 38   39 38 49 34 33 33 44 33   33 33 56 33 33 33 67 33   33 33 79 33 33 33 28 16  
 接收  2013-8-14 上午 09:37:32
  68 11 00 00 00 00 00 68   11 04 34 38 39 38 D3 16  
 发送  2013-8-14 上午 09:37:30
  FE FE FE FE 68 11 00 00   00 00 00 68 91 18 34 37   39 38 33 33 33 33 33 33   33 33 33 33 33 33 33 33   33 33 33 33 33 33 62 16  
 接收  2013-8-14 上午 09:37:30
  68 11 00 00 00 00 00 68   11 04 34 37 39 38 D2 16  
 发送  2013-8-14 上午 09:37:28
  FE FE FE FE 68 11 00 00   00 00 00 68 91 18 34 35   39 38 33 33 33 33 33 33   33 33 33 33 33 33 33 33   33 33 33 33 33 33 60 16  
 接收  2013-8-14 上午 09:37:28
  68 11 00 00 00 00 00 68   11 04 34 35 39 38 D0 16  
 发送  2013-8-14 上午 09:37:26
  FE FE FE FE 68 11 00 00   00 00 00 68 91 18 34 36   39 38 CC 33 33 33 3C 33   33 33 4C 33 33 33 5C 33   33 33 6C 33 33 33 7E 16  
 接收  2013-8-14 上午 09:37:26
  68 11 00 00 00 00 00 68   11 04 34 36 39 38 D1 16  
 发送  2013-8-14 上午 09:37:24
  FE FE FE FE 68 11 00 00   00 00 00 68 91 18 34 34   39 38 48 48 33 33 84 34   33 33 36 36 33 33 87 37   33 33 39 39 33 33 45 16  
 接收  2013-8-14 上午 09:37:24
  68 11 00 00 00 00 00 68   11 04 34 34 39 38 CF 16  
 发送  2013-8-14 上午 09:37:10
  FE FE FE FE 68 22 00 00   00 00 00 68 91 08 33 33   73 33 33 33 33 33 63 16  
 接收  2013-8-14 上午 09:37:10
  68 22 00 00 00 00 00 68   11 04 33 33 73 33 13 16  
 发送  2013-8-14 上午 09:37:08
  FE FE FE FE 68 22 00 00   00 00 00 68 91 08 33 33   72 33 8B 49 33 33 D0 16  
 接收  2013-8-14 上午 09:37:08
  68 22 00 00 00 00 00 68   11 04 33 33 72 33 12 16  
 发送  2013-8-14 上午 09:37:06
  FE FE FE FE 68 22 00 00   00 00 00 68 91 08 33 33   71 33 33 33 33 33 61 16  
 接收  2013-8-14 上午 09:37:06
  68 22 00 00 00 00 00 68   11 04 33 33 71 33 11 16  
 发送  2013-8-14 上午 09:37:04
  FE FE FE FE 68 22 00 00   00 00 00 68 91 08 33 33   70 33 8A C4 34 33 49 16  
 接收  2013-8-14 上午 09:37:04
  68 22 00 00 00 00 00 68   11 04 33 33 70 33 10 16  
 发送  2013-8-14 上午 09:37:02
  FE FE FE FE 68 22 00 00   00 00 00 68 91 08 33 33   5F 33 33 33 33 33 4F 16  
 接收  2013-8-14 上午 09:37:02
  68 22 00 00 00 00 00 68   11 04 33 33 5F 33 FF 16  
 发送  2013-8-14 上午 09:37:00
  FE FE FE FE 68 22 00 00   00 00 00 68 91 08 33 33   5E 33 8B 49 33 33 BC 16  
 接收  2013-8-14 上午 09:37:00
  68 22 00 00 00 00 00 68   11 04 33 33 5E 33 FE 16  
 发送  2013-8-14 上午 09:36:58
  FE FE FE FE 68 22 00 00   00 00 00 68 91 08 33 33   5D 33 33 33 33 33 4D 16  
 接收  2013-8-14 上午 09:36:58
  68 22 00 00 00 00 00 68   11 04 33 33 5D 33 FD 16  
 发送  2013-8-14 上午 09:36:56
  FE FE FE FE 68 22 00 00   00 00 00 68 91 08 33 33   5C 33 8A C4 34 33 35 16  
 接收  2013-8-14 上午 09:36:56
  68 22 00 00 00 00 00 68   11 04 33 33 5C 33 FC 16  
 接收  2013-8-14 上午 09:36:51
  68 01 00 00 00 00 00 68   11 04 32 38 33 37 BA 16  
 发送  2013-8-14 上午 09:36:50
  FE FE FE FE 68 22 00 00   00 00 00 68 91 08 33 33   4B 33 33 33 33 33 3B 16  
 接收  2013-8-14 上午 09:36:50
  68 22 00 00 00 00 00 68   11 04 33 33 4B 33 EB 16  
 发送  2013-8-14 上午 09:36:48
  FE FE FE FE 68 22 00 00   00 00 00 68 91 08 33 33   4A 33 8B 49 33 33 A8 16  
 接收  2013-8-14 上午 09:36:48
  68 22 00 00 00 00 00 68   11 04 33 33 4A 33 EA 16  
 发送  2013-8-14 上午 09:36:46
  FE FE FE FE 68 22 00 00   00 00 00 68 91 08 33 33   49 33 33 33 33 33 39 16  
 接收  2013-8-14 上午 09:36:46
  68 22 00 00 00 00 00 68   11 04 33 33 49 33 E9 16  
 发送  2013-8-14 上午 09:36:44
  FE FE FE FE 68 22 00 00   00 00 00 68 91 08 33 33   48 33 88 C4 34 33 1F 16  
 接收  2013-8-14 上午 09:36:44
  68 22 00 00 00 00 00 68   11 04 33 33 48 33 E8 16  
 发送  2013-8-14 上午 09:36:42
  FE FE FE FE 68 22 00 00   00 00 00 68 91 04 34 3F   39 38 6B 16  
 接收  2013-8-14 上午 09:36:42
  68 22 00 00 00 00 00 68   11 04 34 3F 39 38 EB 16  
 发送  2013-8-14 上午 09:36:40
  FE FE FE FE 68 22 00 00   00 00 00 68 91 44 34 3D   39 38 4A 5C 45 69 3C 47   3B 46 C4 55 34 69 3B 47   3B 46 B6 78 35 69 3A 47   3B 46 A8 9B 36 69 39 47   3B 46 99 C4 37 69 38 47   3B 46 64 57 43 76 74 36   76 74 36 76 74 36 33 33   33 33 33 33 33 33 33 33   33 33 2A 16  
 接收  2013-8-14 上午 09:36:40
  68 22 00 00 00 00 00 68   11 04 34 3D 39 38 E9 16  
 发送  2013-8-14 上午 09:36:38
  FE FE FE FE 68 22 00 00   00 00 00 68 91 04 34 3E   39 38 6A 16  
 接收  2013-8-14 上午 09:36:38
  68 22 00 00 00 00 00 68   11 04 34 3E 39 38 EA 16  
 发送  2013-8-14 上午 09:36:36
  FE FE FE FE 68 22 00 00   00 00 00 68 91 44 34 3C   39 38 48 66 45 69 3C 47   3B 46 64 56 34 69 3B 47   3B 46 96 79 35 69 3A 47   3B 46 C7 9C 36 69 39 47   3B 46 59 C6 37 69 38 47   3B 46 95 5A 43 87 75 36   87 75 36 87 75 36 33 33   33 33 33 33 33 33 33 33   33 33 FF 16  
 接收  2013-8-14 上午 09:36:36
  68 22 00 00 00 00 00 68   11 04 34 3C 39 38 E8 16  
 发送  2013-8-14 上午 09:36:34
  FE FE FE FE 68 22 00 00   00 00 00 68 91 18 34 3B   39 38 49 33 33 33 34 33   33 33 36 33 33 33 37 33   33 33 39 33 33 33 9B 16  
 接收  2013-8-14 上午 09:36:34
  68 22 00 00 00 00 00 68   11 04 34 3B 39 38 E7 16  
 发送  2013-8-14 上午 09:36:32
  FE FE FE FE 68 22 00 00   00 00 00 68 91 18 34 3A   39 38 49 33 33 33 34 33   33 33 36 33 33 33 37 33   33 33 39 33 33 33 9A 16  
 接收  2013-8-14 上午 09:36:32
  68 22 00 00 00 00 00 68   11 04 34 3A 39 38 E6 16  
 发送  2013-8-14 上午 09:36:30
  FE FE FE FE 68 22 00 00   00 00 00 68 91 18 34 39   39 38 49 33 33 33 34 33   33 33 36 33 33 33 37 33   33 33 39 33 33 33 99 16  
 接收  2013-8-14 上午 09:36:30
  68 22 00 00 00 00 00 68   11 04 34 39 39 38 E5 16  
 发送  2013-8-14 上午 09:36:28
  FE FE FE FE 68 22 00 00   00 00 00 68 91 18 34 38   39 38 CA 33 33 33 3C 33   33 33 4C 33 33 33 5C 33   33 33 6B 33 33 33 8E 16  
 接收  2013-8-14 上午 09:36:28
  68 22 00 00 00 00 00 68   11 04 34 38 39 38 E4 16  
 接收  2013-8-14 上午 09:36:22
  68 22 00 00 00 00 00 68   11 04 34 38 39 38 E4 16  
 接收  2013-8-14 上午 09:36:18
  68 22 00 00 00 00 00 68   11 04 34 37 39 38 E3 16  
 