发送  2010-3-7 16:00:01
  FE FE FE FE 68 01 00 00   00 00 00 68 91 0C 33 32   39 35 33 43 33 43 33 43   33 43 19 16  
 接收  2010-3-7 16:00:00
  FE FE FE 68 01 00 00 00   00 00 68 11 04 33 32 39   35 B9 16  
 发送  2010-3-7 15:59:59
  FE FE FE FE 68 01 00 00   00 00 00 68 91 10 33 32   37 35 AB B8 35 59 C8 33   59 C8 33 59 C8 33 D7 16  
 接收  2010-3-7 15:59:59
  FE FE FE 68 01 00 00 00   00 00 68 11 04 33 32 37   35 B7 16  
 发送  2010-3-7 15:59:58
  FE FE FE FE 68 01 00 00   00 00 00 68 91 10 33 32   36 35 33 98 34 33 88 33   33 88 33 33 88 33 0B 16  
 接收  2010-3-7 15:59:58
  FE FE FE 68 01 00 00 00   00 00 68 11 04 33 32 36   35 B6 16  
 发送  2010-3-7 15:59:57
  FE FE FE FE 68 01 00 00   00 00 00 68 91 0D 33 32   35 35 33 83 33 33 83 33   33 83 33 F9 16  
 接收  2010-3-7 15:59:57
  FE FE FE 68 01 00 00 00   00 00 68 11 04 33 32 35   35 B5 16  
 发送  2010-3-7 15:59:56
  FE FE FE FE 68 01 00 00   00 00 00 68 91 0A 33 32   34 35 33 55 33 55 33 55   D2 16  
 接收  2010-3-7 15:59:56
  FE FE FE 68 01 00 00 00   00 00 68 11 04 33 32 34   35 B4 16  
 发送  2010-3-7 15:59:55
  FE FE FE FE 68 01 00 00   00 00 00 68 D1 01 35 D8   16  
 接收  2010-3-7 15:59:55
  FE FE FE 68 01 00 00 00   00 00 68 11 04 37 42 33   37 C9 16  
 发送  2010-3-7 15:59:54
  FE FE FE FE 68 01 00 00   00 00 00 68 D1 01 35 D8   16  
 接收  2010-3-7 15:59:54
  FE FE FE 68 01 00 00 00   00 00 68 11 04 36 42 33   37 C8 16  
 发送  2010-3-7 15:59:53
  FE FE FE FE 68 01 00 00   00 00 00 68 D1 01 35 D8   16  
 接收  2010-3-7 15:59:53
  FE FE FE 68 01 00 00 00   00 00 68 11 04 35 42 33   37 C7 16  
 发送  2010-3-7 15:59:52
  FE FE FE FE 68 01 00 00   00 00 00 68 D1 01 35 D8   16  
 接收  2010-3-7 15:59:52
  FE FE FE 68 01 00 00 00   00 00 68 11 04 34 42 33   37 C6 16  
 发送  2010-3-7 15:59:51
  FE FE FE FE 68 01 00 00   00 00 00 68 91 07 35 34   33 37 84 8C 48 94 16  
 接收  2010-3-7 15:59:51
  FE FE FE 68 01 00 00 00   00 00 68 11 04 35 34 33   37 B9 16  
 发送  2010-3-7 15:59:50
  FE FE FE FE 68 01 00 00   00 00 00 68 91 08 34 34   33 37 33 3A 36 43 22 16  
 接收  2010-3-7 15:59:50
  FE FE FE 68 01 00 00 00   00 00 68 11 04 34 34 33   37 B8 16  
 发送  2010-3-7 15:59:49
  FE FE FE FE 68 01 00 00   00 00 00 68 91 12 32 38   33 37 33 33 33 33 33 33   33 33 33 33 33 33 33 33   12 16  
 接收  2010-3-7 15:59:49
  FE FE FE 68 01 00 00 00   00 00 68 11 04 32 38 33   37 BA 16  
 发送  2010-3-7 15:59:48
  FE FE FE FE 68 01 00 00   00 00 00 68 D1 01 35 D8   16  
 接收  2010-3-7 15:59:48
  FE FE FE 68 01 00 00 00   00 00 68 11 04 34 41 63   36 F4 16  
 发送  2010-3-7 15:59:47
  FE FE FE FE 68 01 00 00   00 00 00 68 D1 01 35 D8   16  
 接收  2010-3-7 15:59:47
  FE FE FE 68 01 00 00 00   00 00 68 11 04 33 41 63   36 F3 16  
 发送  2010-3-7 15:59:46
  FE FE FE FE 68 01 00 00   00 00 00 68 91 40 34 40   63 36 78 8C 48 3A 36 43   78 8C 48 3A 36 43 21 21   21 21 21 21 21 21 21 21   21 21 21 21 21 21 21 21   21 21 21 21 21 21 21 21   21 21 21 21 21 21 21 21   21 21 21 21 21 21 21 21   21 21 21 21 21 21 DD 16  
 接收  2010-3-7 15:59:45
  FE FE FE 68 01 00 00 00   00 00 68 11 04 34 40 63   36 F3 16  
 发送  2010-3-7 15:59:44
  FE FE FE FE 68 01 00 00   00 00 00 68 91 07 33 40   63 36 33 33 33 0E 16  
 接收  2010-3-7 15:59:44
  FE FE FE 68 01 00 00 00   00 00 68 11 04 33 40 63   36 F2 16  
 发送  2010-3-7 15:59:43
  FE FE FE FE 68 01 00 00   00 00 00 68 91 74 34 38   63 36 75 8C 48 3A 36 43   21 21 21 21 21 21 21 21   21 21 21 21 21 21 21 21   21 21 21 21 21 21 21 21   21 21 21 21 21 21 21 21   21 21 21 21 21 21 21 21   21 21 21 21 21 21 21 21   21 21 21 21 21 21 21 21   21 21 21 21 21 21 21 21   21 21 21 21 21 21 21 21   21 21 21 21 21 21 21 21   21 21 21 21 21 21 21 21   21 21 21 21 21 21 21 21   21 21 21 21 21 21 21 21   21 21 81 16  
 接收  2010-3-7 15:59:42
  FE FE FE 68 01 00 00 00   00 00 68 11 04 34 38 63   36 EB 16  
 发送  2010-3-7 15:59:41
  FE FE FE FE 68 01 00 00   00 00 00 68 91 07 33 38   63 36 33 33 33 06 16  
 接收  2010-3-7 15:59:41
  FE FE FE 68 01 00 00 00   00 00 68 11 04 33 38 63   36 EA 16  
 发送  2010-3-7 15:59:40
  FE FE FE FE 68 01 00 00   00 00 00 68 91 14 34 37   63 36 21 21 21 21 21 21   21 21 21 21 21 21 21 21   21 21 8A 16  
 接收  2010-3-7 15:59:40
  FE FE FE 68 01 00 00 00   00 00 68 11 04 34 37 63   36 EA 16  
 发送  2010-3-7 15:59:39
  FE FE FE FE 68 01 00 00   00 00 00 68 91 07 33 37   63 36 33 33 33 05 16  
 接收  2010-3-7 15:59:39
  FE FE FE 68 01 00 00 00   00 00 68 11 04 33 37 63   36 E9 16  
 发送  2010-3-7 15:59:38
  FE FE FE FE 68 01 00 00   00 00 00 68 91 12 34 36   63 36 6B 8C 48 3A 36 43   21 21 21 21 21 21 21 21   71 16  
 接收  2010-3-7 15:59:38
  FE FE FE 68 01 00 00 00   00 00 68 11 04 34 36 63   36 E9 16  
 发送  2010-3-7 15:59:37
  FE FE FE FE 68 01 00 00   00 00 00 68 91 07 33 36   63 36 33 33 33 04 16  
 接收  2010-3-7 15:59:37
  FE FE FE 68 01 00 00 00   00 00 68 11 04 33 36 63   36 E8 16  
 发送  2010-3-7 15:59:36
  FE FE FE FE 68 01 00 00   00 00 00 68 91 CE 34 35   63 36 67 8C 48 3A 36 43   21 21 21 21 21 21 21 21   21 21 21 21 21 21 21 21   21 21 21 21 21 21 21 21   21 21 21 21 21 21 21 21   21 21 21 21 21 21 21 21   21 21 21 21 21 21 21 21   21 21 21 21 21 21 21 21   21 21 21 21 21 21 21 21   21 21 21 21 21 21 21 21   21 21 21 21 21 21 21 21   21 21 21 21 21 21 21 21   21 21 21 21 21 21 21 21   21 21 21 21 21 21 21 21   21 21 21 21 21 21 21 21   21 21 21 21 21 21 21 21   21 21 21 21 21 21 21 21   21 21 21 21 21 21 21 21   21 21 21 21 21 21 21 21   21 21 21 21 21 21 21 21   21 21 21 21 21 21 21 21   21 21 21 21 21 21 21 21   21 21 21 21 21 21 21 21   21 21 21 21 21 21 21 21   21 21 21 21 21 21 21 21   21 21 21 21 64 16  
 接收  2010-3-7 15:59:34
  FE FE FE 68 01 00 00 00   00 00 68 11 04 34 35 63   36 E8 16  
 发送  2010-3-7 15:59:33
  FE FE FE FE 68 01 00 00   00 00 00 68 91 07 33 35   63 36 33 33 33 03 16  
 接收  2010-3-7 15:59:33
  FE FE FE 68 01 00 00 00   00 00 68 11 04 33 35 63   36 E7 16  
 发送  2010-3-7 15:59:32
  FE FE FE FE 68 01 00 00   00 00 00 68 D1 01 35 D8   16  
 接收  2010-3-7 15:59:32
  FE FE FE 68 01 00 00 00   00 00 68 11 04 34 34 63   36 E7 16  
 发送  2010-3-7 15:59:31
  FE FE FE FE 68 01 00 00   00 00 00 68 D1 01 35 D8   16  
 接收  2010-3-7 15:59:31
  FE FE FE 68 01 00 00 00   00 00 68 11 04 33 34 63   36 E6 16  
 发送  2010-3-7 15:59:30
  FE FE FE FE 68 01 00 00   00 00 00 68 91 36 34 33   63 36 5C 8C 48 3A 36 43   21 21 21 21 21 21 21 21   21 21 21 21 21 21 21 21   21 21 21 21 21 21 21 21   21 21 21 21 21 21 21 21   21 21 21 21 21 21 21 21   21 21 21 21 27 16  
 接收  2010-3-7 15:59:29
  FE FE FE 68 01 00 00 00   00 00 68 11 04 34 33 63   36 E6 16  
 发送  2010-3-7 15:59:28
  FE FE FE FE 68 01 00 00   00 00 00 68 91 07 33 33   63 36 33 33 33 01 16  
 接收  2010-3-7 15:59:28
  FE FE FE 68 01 00 00 00   00 00 68 11 04 33 33 63   36 E5 16  
 发送  2010-3-7 15:59:27
  FE FE FE FE 68 01 00 00   00 00 00 68 D1 01 35 D8   16  
 接收  2010-3-7 15:59:27
  FE FE FE 68 01 00 00 00   00 00 68 11 04 34 33 38   36 BB 16  
 发送  2010-3-7 15:59:26
  FE FE FE FE 68 01 00 00   00 00 00 68 D1 01 35 D8   16  
 接收  2010-3-7 15:59:26
  FE FE FE 68 01 00 00 00   00 00 68 11 04 33 33 38   36 BA 16  
 发送  2010-3-7 15:59:25
  FE FE FE FE 68 01 00 00   00 00 00 68 91 87 34 36   37 36 57 8C 48 3A 36 43   57 8C 48 3A 36 43 21 21   21 21 21 21 21 21 21 21   21 21 21 21 21 21 21 21   21 21 21 21 21 21 21 21   21 21 21 21 21 21 21 21   21 21 21 21 21 21 21 21   21 21 21 21 21 21 21 21   21 21 21 21 21 21 21 21   21 21 21 21 21 21 21 21   21 21 21 21 21 21 21 21   21 21 21 21 21 21 21 21   21 21 21 21 21 21 21 21   21 21 21 21 21 21 21 21   21 21 21 21 21 21 21 21   21 21 21 21 21 21 21 21   21 21 21 21 21 D3 16  
 接收  2010-3-7 15:59:24
  FE FE FE 68 01 00 00 00   00 00 68 11 04 34 36 37   36 BD 16  
 发送  2010-3-7 15:59:23
  FE FE FE FE 68 01 00 00   00 00 00 68 91 87 34 35   37 36 55 8C 48 3A 36 43   55 8C 48 3A 36 43 21 21   21 21 21 21 21 21 21 21   21 21 21 21 21 21 21 21   21 21 21 21 21 21 21 21   21 21 21 21 21 21 21 21   21 21 21 21 21 21 21 21   21 21 21 21 21 21 21 21   21 21 21 21 21 21 21 21   21 21 21 21 21 21 21 21   21 21 21 21 21 21 21 21   21 21 21 21 21 21 21 21   21 21 21 21 21 21 21 21   21 21 21 21 21 21 21 21   21 21 21 21 21 21 21 21   21 21 21 21 21 21 21 21   21 21 21 21 21 CE 16  
 接收  2010-3-7 15:59:22
  FE FE FE 68 01 00 00 00   00 00 68 11 04 34 35 37   36 BC 16  
 发送  2010-3-7 15:59:21
  FE FE FE FE 68 01 00 00   00 00 00 68 91 87 34 34   37 36 53 8C 48 3A 36 43   53 8C 48 3A 36 43 21 21   21 21 21 21 21 21 21 21   21 21 21 21 21 21 21 21   21 21 21 21 21 21 21 21   21 21 21 21 21 21 21 21   21 21 21 21 21 21 21 21   21 21 21 21 21 21 21 21   21 21 21 21 21 21 21 21   21 21 21 21 21 21 21 21   21 21 21 21 21 21 21 21   21 21 21 21 21 21 21 21   21 21 21 21 21 21 21 21   21 21 21 21 21 21 21 21   21 21 21 21 21 21 21 21   21 21 21 21 21 21 21 21   21 21 21 21 21 C9 16  
 接收  2010-3-7 15:59:20
  FE FE FE 68 01 00 00 00   00 00 68 11 04 34 34 37   36 BB 16  
 发送  2010-3-7 15:59:19
  FE FE FE FE 68 01 00 00   00 00 00 68 91 16 33 33   37 36 33 33 33 33 33 33   33 33 33 33 33 33 33 33   33 33 33 33 E1 16  
 接收  2010-3-7 15:59:19
  FE FE FE 68 01 00 00 00   00 00 68 11 04 33 33 37   36 B9 16  
 发送  2010-3-7 15:59:18
  FE FE FE FE 68 01 00 00   00 00 00 68 91 08 3D 33   B3 35 33 33 33 33 8E 16  
 接收  2010-3-7 15:59:18
  FE FE FE 68 01 00 00 00   00 00 68 11 04 3D 33 B3   35 3E 16  
 发送  2010-3-7 15:59:17
  FE FE FE FE 68 01 00 00   00 00 00 68 91 2C 33 32   34 34 33 33 33 8C 48 3A   36 43 33 33 33 8C 48 3A   36 43 33 33 33 8C 48 3A   36 43 33 33 33 8C 48 3A   36 43 33 33 33 8C 48 3A   36 43 FB 16  
 接收  2010-3-7 15:59:16
  FE FE FE 68 01 00 00 00   00 00 68 11 04 33 32 34   34 B3 16  
 发送  2010-3-7 15:59:15
  FE FE FE FE 68 01 00 00   00 00 00 68 91 08 33 33   3B 33 33 33 33 33 0A 16  
 接收  2010-3-7 15:59:15
  FE FE FE 68 01 00 00 00   00 00 68 11 04 33 33 3B   33 BA 16  
 发送  2010-3-7 15:59:14
  FE FE FE FE 68 01 00 00   00 00 00 68 91 08 33 33   3A 33 33 33 33 33 09 16  
 接收  2010-3-7 15:59:14
  FE FE FE 68 01 00 00 00   00 00 68 11 04 33 33 3A   33 B9 16  
 发送  2010-3-7 15:59:13
  FE FE FE FE 68 01 00 00   00 00 00 68 91 08 33 33   39 33 33 33 33 33 08 16  
 接收  2010-3-7 15:59:13
  FE FE FE 68 01 00 00 00   00 00 68 11 04 33 33 39   33 B8 16  
 发送  2010-3-7 15:59:12
  FE FE FE FE 68 01 00 00   00 00 00 68 91 08 33 33   38 33 B5 C4 33 33 1A 16  
 接收  2010-3-7 15:59:12
  FE FE FE 68 01 00 00 00   00 00 68 11 04 33 33 38   33 B7 16  
 发送  2010-3-7 15:59:11
  FE FE FE FE 68 01 00 00   00 00 00 68 D1 01 35 D8   16  
 接收  2010-3-7 15:59:11
  FE FE FE 68 01 00 00 00   00 00 68 11 04 33 33 37   33 B6 16  
 发送  2010-3-7 15:59:10
  FE FE FE FE 68 01 00 00   00 00 00 68 D1 01 35 D8   16  
 接收  2010-3-7 15:59:10
  FE FE FE 68 01 00 00 00   00 00 68 11 04 33 33 36   33 B5 16  
 发送  2010-3-7 15:59:09
  FE FE FE FE 68 01 00 00   00 00 00 68 91 18 33 32   35 33 33 33 33 33 33 33   33 33 33 33 33 33 33 33   33 33 33 33 33 33 43 16  
 接收  2010-3-7 15:59:09
  FE FE FE 68 01 00 00 00   00 00 68 11 04 33 32 35   33 B3 16  
 发送  2010-3-7 15:59:08
  FE FE FE FE 68 01 00 00   00 00 00 68 91 18 33 32   34 33 67 83 33 33 36 38   33 33 39 43 33 33 43 48   33 33 46 53 33 33 3C 16  
 接收  2010-3-7 15:59:08
  FE FE FE 68 01 00 00 00   00 00 68 11 04 33 32 34   33 B2 16  
 